--Base Features--
[5.7 2.9 4.2 1.3],1
[7.6 3.0 6.6 2.1],2
[5.6 3.0 4.5 1.5],1
[5.1 3.5 1.4 0.2],0
[7.7 2.8 6.7 2.0],2
[5.8 2.7 4.1 1.0],1
[5.2 3.4 1.4 0.2],0
[5.0 3.5 1.3 0.3],0
[5.1 3.8 1.9 0.4],0
[5.0 2.0 3.5 1.0],1
[6.3 2.7 4.9 1.8],2
[4.8 3.4 1.9 0.2],0
[5.0 3.0 1.6 0.2],0
[5.1 3.3 1.7 0.5],0
[5.6 2.7 4.2 1.3],1
[5.1 3.4 1.5 0.2],0
[5.7 3.0 4.2 1.2],1
[7.7 3.8 6.7 2.2],2
[4.6 3.2 1.4 0.2],0
[6.2 2.9 4.3 1.3],1
[5.7 2.5 5.0 2.0],2
[5.5 4.2 1.4 0.2],0
[6.0 3.0 4.8 1.8],2
[5.8 2.7 5.1 1.9],2
[6.0 2.2 4.0 1.0],1
[5.4 3.0 4.5 1.5],1
[6.2 3.4 5.4 2.3],2
[5.5 2.3 4.0 1.3],1
[5.4 3.9 1.7 0.4],0
[5.0 2.3 3.3 1.0],1
[6.4 2.7 5.3 1.9],2
[5.0 3.3 1.4 0.2],0
[5.0 3.2 1.2 0.2],0
[5.5 2.4 3.8 1.1],1
[6.7 3.0 5.0 1.7],1
[4.9 3.1 1.5 0.2],0
[5.8 2.8 5.1 2.4],2
[5.0 3.4 1.5 0.2],0
[5.0 3.5 1.6 0.6],0
[5.9 3.2 4.8 1.8],1
[5.1 2.5 3.0 1.1],1
[6.9 3.2 5.7 2.3],2
[6.0 2.7 5.1 1.6],1
[6.1 2.6 5.6 1.4],2
[7.7 3.0 6.1 2.3],2
[5.5 2.5 4.0 1.3],1
[4.4 2.9 1.4 0.2],0
[4.3 3.0 1.1 0.1],0
[6.0 2.2 5.0 1.5],2
[7.2 3.2 6.0 1.8],2
w and b:
0
[0.0 0.0 0.0 0.0]
0.4373008887899652
[0.00000000e+00 0.00000000e+00 0.00000000e+00 0.00000000e+00
 3.05124870e-01 2.77555756e-17 0.00000000e+00 0.00000000e+00
 6.27529585e-01 2.02283787e-01 0.00000000e+00 1.88432272e-02
 4.85825341e-01 0.00000000e+00 0.00000000e+00 0.00000000e+00
 0.00000000e+00 3.70564557e-01 0.00000000e+00 1.04600569e-01
 0.00000000e+00 9.54912006e-01 0.00000000e+00 0.00000000e+00
 2.82839562e-01 2.43759696e-01 1.92031202e-01 0.00000000e+00
 0.00000000e+00 0.00000000e+00 0.00000000e+00 0.00000000e+00
 0.00000000e+00 0.00000000e+00 1.21813544e-01 0.00000000e+00
 2.25453024e-01 0.00000000e+00 0.00000000e+00 0.00000000e+00
 4.31062279e-01 1.31168454e-01 0.00000000e+00 2.58374909e-01
 1.20574805e-01 0.00000000e+00 4.67054849e-02 1.00000000e+00
 8.30090537e-02 6.11553309e-02]
1
[0.0 0.0 0.0 0.0]
0.38066197328664825
[ 0.00000000e+00  0.00000000e+00  2.38598946e-01  0.00000000e+00
  2.94422698e-01  0.00000000e+00  0.00000000e+00  0.00000000e+00
  7.19787561e-02  7.27176366e-01  1.00000000e+00  1.44220921e-01
  1.04055377e-01  1.50318848e-01  0.00000000e+00  0.00000000e+00
  0.00000000e+00  3.76015258e-01  0.00000000e+00  7.84351925e-01
 -2.68882139e-17  4.55816384e-01  1.00000000e+00  9.54053382e-01
  7.63374377e-01  1.00000000e+00  5.42909360e-01  0.00000000e+00
  0.00000000e+00 -8.67361738e-18  0.00000000e+00  0.00000000e+00
  0.00000000e+00  0.00000000e+00  1.00000000e+00  0.00000000e+00
  0.00000000e+00  0.00000000e+00  0.00000000e+00  1.00000000e+00
  7.60733321e-01  1.06642125e-01  1.00000000e+00  2.46462842e-01
  8.89738768e-02  0.00000000e+00  0.00000000e+00  4.47656315e-01
  9.75109993e-01  3.15598799e-01]
2
[0.0 0.0 0.0 0.0]
0.1718412312519152
[0.         0.22128511 1.         0.         0.42307022 0.
 0.         0.         0.21733963 0.33423438 1.         0.0978458
 0.22880583 0.         0.         0.         0.         0.70168252
 0.         0.35303321 0.3470384  0.61286707 1.         0.60404707
 0.60217039 0.1204641  0.95498797 0.         0.         0.
 0.         0.         0.         0.         1.         0.
 0.         0.         0.         1.         0.44608764 0.19148141
 1.         0.64355029 0.18408293 0.         0.         0.62429454
 1.         0.36591668]
